0000000000000
0000000000011
0000000111000
0000000011000
0000000000000
0000000000000
0000000000111
0000000000000
0000000000000
0000000000000
0000000000100
0000000111100
0000000000000
0000000000000
0000000110110
0000001001011
0000010001100
0000000000000
0000000000000
0000000000000
0001011101001
0010100010011
0000000000000
0000000000000
0000000000000
0000000000000
0010010100001
0000101101111
0000000000000
0000000000000
0000011010001
0000110100101
0000000000000
0000000000000
0000000000000
0000000000000
0000000010001
0000000000000
0000000000000
0000000000000
0000000000000
0000000000000
0000000000000
0000000010110
0000000000000
0000000000000
0000000000000
0000000000000
0000000000000
0000000000100
0000000000000
0000000000000
0000000000000
0000000000000
0000000000000
0000000000000
0000000000000
0000000000000
0000000000000
0000010000001
0000000000000
0000000000000
0000000000000
0000000000000
0000000000000
0000000000100
0000000110001
0000000110110
0000000110101
0000000010111
0000000000000
0000000000000
0000000001110
0000000000000
0000000000000
0000000000000
0000000000000
0000000000000
0000000000000
0000000000000
0000000000000
0000000000000
0000000000000
0000000000000
0000000000000
0000000000000
0001110111101
0001101111111
0000000000000
0000101010110
0001001011001
0001010010000
0001001101101
0000000000000
0000000000000
0010101101101
0000110011010
0000000000000
0000000000000
0000010111001
0000000000000
0000000000000
0000000000000
0000000000000
0000000000000
0000000000000
0000000000000
0000000000000
0000000010010
0000000000000
0000000000000
0000000000000
0000000000000
0000000000000
0000000000000
0000000000000
0000000000000
0000000000000
0000000000000
0000000000000
0000000000000
0000000000000
0000000000000
0000000000000
0000000000111
0000000101101
0000000001101
0000000000000
0000000000000
0000000000000
0000000000000
0000001000110
0000000100011
0000000000000
0000000000000
0000000000000
0000000011110
0000000000000
0000000000000
0000000000000
0000000000000
0000000000000
0000000000000
0000000000000
0000000000000
0000000000000
0000000000000
0000000000000
0000000000000
0000100100000
0001110111101
0001110100100
0001001000001
0000000000000
0000000000000
0010000101110
0010000011100
0001100000101
0000000000000
0000000000000
0010010101100
0000101011100
0000000000000
0000010000001
0000000000000
0000000000000
0000000000000
0000000000000
0000000000000
0000000000000
0000001001001
0000000000000
0000000000000
0000000000000
0000000000000
0000000000000
0000000000000
0000000000000
0000000000100
0000000000000
0000000001110
0000000000000
0000000000000
0000000000000
0000000000000
0000000000000
0000000000000
0000000000000
0000000000000
0000000000111
0000000100101
0000000000000
0000000000000
0000000000000
0000000000000
0000000000000
0000000110110
0000000000000
0000000000000
0000000000000
0000000000000
0000000000000
0000000000000
0000000000000
0000000000000
0000000000000
0000000000000
0000000000000
0000000000000
0001001011010
0000101010101
0000100111111
0000101010011
0000010010001
0000001101100
0000000000000
0000001011101
0000000000000
0000000011010
0000001000010
0000001000000
0000011110011
0000010110101
0000000000000
0000101111100
0001110011011
0000000000000
0000000000000
0001101110011
0000011110100
0000000000000
0000000000000
0000000000000
0000000000000
0000000000000
0000000101011
0000000010110
0000000110000
0000000011011
0000000000000
0000000000000
0000000000000
0000000000000
0000000000000
0000001000010
0000000011101
0000000000000
0000000000000
0000000000000
0000000000000
0000000000000
0000000000000
0000000000000
0000000000000
0000000000000
0000000000000
0000000000000
0000000000000
0000000000000
0000000000000
0000000000000
0000000110001
0000000001001
0000000000000
0000010011010
0000010001010
0000000000000
0000000000000
0100101100011
0100011000011
0010010000110
0010010000001
0010100001010
0001100100111
0000100110001
0000011010000
0000101011011
0000001000011
0000000001011
0000010100111
0000000101011
0000100110000
0000001100001
0000011000000
0000011101001
0000001110000
0000100000100
0000100000111
0000011000110
0000100001111
0000110100010
0000101100100
0001001111001
0000000000000
0000000000000
0000000000000
0000000000000
0000000000000
0000000000000
0000000000000
0000000001111
0000000000000
0000000000000
0000000100100
0000000100011
0000000000000
0000000000000
0000000000000
0000000000000
0000001100111
0000000011010
0000000000000
0000000001100
0000000000000
0000000000000
0000000000000
0000000000000
0000000000000
0000000000000
0000000000110
0000000000000
0000000000000
0000000001001
0000000110001
0000000000000
0000000000000
0000000000000
0000000000111
0000000000000
0000000000000
0000000000000
0000000110010
0011100000010
0011000110010
0001110000000
0010000010000
0000101101100
0000000000000
0000001110001
0000000010000
0000000010100
0000000000000
0000000010011
0000000011000
0000000000000
0000000000000
0000000010010
0000000011010
0000000100000
0000000100000
0000000000000
0000001011001
0000000101110
0000010110010
0000000101100
0000101000101
0000111000010
0001011100100
0000000000000
0000000000000
0000000000000
0000000000000
0000000000000
0000000000111
0000000000000
0000000000000
0000000000000
0000000000000
0000000000000
0000000000010
0000000000010
0000000000000
0000000000000
0000000000000
0000000000000
0000000000000
0000000000000
0000000000000
0000000000000
0000000000000
0000000000000
0000000011110
0000000000101
0000000000000
0000001110101
0000010110100
0000000000000
0000000000000
0000000101011
0000000010010
0000000000000
0000000001010
0000000000000
0000000000000
0000000000000
0000000000000
0000000000000
0000000000000
0000010110001
0000000101000
0000000000000
0000000000000
0000000000000
0000000000000
0000000000000
0000000000000
0000000000000
0000000011001
0000000000000
0000000000000
0000000001011
0000000010010
0000000010010
0000000000000
0000000000000
0000000000000
0000000000000
0000000000110
0000000000000
0000000101101
0000010001001
0000111000110
0000111001000
0000000000000
0000000000000
0000000000000
0000000000000
0000000000000
0000000000000
0000000000000
0000000000000
0000000000000
0000000000000
0000000000000
0000000000000
0000000000000
0000000000000
0000000000000
0000000000000
0000000000000
0000000000000
0000000000000
0000000011110
0000000111111
0000000101110
0000000001011
0000000101011
0000000100001
0000000000000
0000001000000
0000000000000
0000000000000
0000000000000
0000000101000
0000000000000
0000000000000
0000000000000
0000000011000
0000000000000
0000000000000
0010110000001
0001010001001
0000000000000
0000000000000
0000000000000
0000000000000
0000000000000
0000000000101
0000000000111
0000000000000
0000000000000
0000000000000
0000000000000
0000000000000
0000000001001
0000000100000
0000000010011
0000000000000
0000000000000
0000000000000
0000000000000
0000000000000
0000000000000
0000000000000
0000000101111
0000001001110
0001000101000
0001011000010
0000000000000
0000000000000
0000000000000
0000000001110
0000000000000
0000000000000
0000000000000
0000000000000
0000000000000
0000000000000
0000000000000
0000000000000
0000000000000
0001111010101
0010111001101
0011011000011
0010111000011
0000000000000
0000000000000
0000000000001
0000000111010
0000000010000
0000000000000
0000000011111
0000000000000
0000000000000
0000000000000
0000000000000
0000000000000
0000000001010
0000000000000
0000000000000
0000000000000
0000000000000
0011100000101
0010100111000
0000000110011
0000001110110
0000000111010
0000000111011
0000000001011
0000000001011
0000000000000
0000000000000
0000000001000
0000000000001
0000000001101
0000000000000
0000000000000
0000000000000
0000000000111
0000000000000
0000000001100
0000000011110
0000000000000
0000000000000
0000000000000
0000000000000
0000000000000
0000000000000
0000000000000
0000001010100
0001001101101
0000110110101
0000000000000
0000000001110
0000000000000
0000000000000
0000000000000
0000000000000
0000000000000
0000000000000
0000000000000
0000000000000
0000000000000
0000000000000
0011110101000
0011100001000
0000000000000
0000000000000
0000000000000
0000010000010
0000000000000
0000000000000
0000000000000
0000010000000
0000000011101
0000000000000
0000000000000
0000000000000
0000000000000
0000000000000
0000000000000
0000111001101
0000000000000
0000000000000
0100010110110
0000000000000
0000010101010
0001101101100
0000000000000
0000010110111
0000000000000
0000000000000
0000000000000
0000000000000
0000000000000
0000000000000
0000000010001
0000000000000
0000000000110
0000000000000
0000000000000
0000000000111
0000000100011
0000000001110
0000000001100
0000000000000
0000000000000
0000000000000
0000000000000
0000000000110
0000000000000
0000000000000
0000000000000
0000000000000
0000001100101
0000010001001
0000110000110
0001001010111
0000000000000
0000000000000
0000000000000
0000000000000
0000000000000
0000000000000
0000000000000
0000000000000
0000000000000
0010010101011
0011100000101
0000000000000
0000000000000
0000000000000
0000000000000
0000000000000
0000000000000
0000000000000
0000000000000
0000000000000
0000000111111
0000000000000
0000000000000
0000000000000
0000000000000
0000000000000
0000000000000
0000000000000
0000000000000
0000000000000
0011110000011
0011001110000
0001101011000
0001011111000
0000000000000
0000000000000
0000000011010
0000000000000
0000000000000
0000000000000
0000000000000
0000000000000
0000000000000
0000000010000
0000000000000
0000000000000
0000000000000
0000000010100
0000000000000
0000000000111
0000000000000
0000000000000
0000000000000
0000000000000
0000000000000
0000000000000
0000000000000
0000000000000
0000000000000
0000000001100
0000001111111
0000011101011
0000101011010
0000000000000
0001000110101
0000000000000
0000000000000
0000000000000
0000000000000
0000000000000
0000000000000
0000000000000
0000000000000
0011011010010
0010001100101
0000000000000
0000000000000
0000000000000
0000000000000
0000000000000
0000000000000
0000000000000
0000000000000
0000000000000
0000000000000
0000000000110
0000000000000
0000000110101
0000000000000
0000000000000
0000000000000
0000000000000
0000000000000
0000000000000
0000000000000
0011011101100
0000010010110
0000000000000
0000000001110
0000000000000
0000000000011
0000000000000
0000000001010
0000000000000
0000000000000
0000000000000
0000000000000
0000000001110
0000000000000
0000000000000
0000000000000
0000000000000
0000000000000
0000000000000
0000000000000
0000000000000
0000000000010
0000000000000
0000000000000
0000000000000
0000000000000
0000000000000
0000000010010
0000000010011
0000000010100
0000000000000
0000000000101
0000011000101
0001001000010
0000000000001
0000000000000
0000000000000
0000000000000
0000000000000
0000000000000
0000000000000
0000000000000
0011100101101
0001000111000
0000000000000
0000000000000
0000000000000
0000000000000
0000000000000
0000000000000
0000000000000
0000000000000
0000000011000
0000000000000
0000000000000
0000000100011
0000001001100
0000001101001
0000000000000
0000001010100
0000000000000
0000000000000
0010101101101
0000000000000
0001010010110
0001001011000
0000000000000
0000000000000
0000000000000
0000000000110
0000000000000
0000000000000
0000000000000
0000000000000
0000000000000
0000000001011
0000000000001
0000000000010
0000000000000
0000000000000
0000000000000
0000000000000
0000000000110
0000000000000
0000000000100
0000000000000
0000000000000
0000000000000
0000000000000
0000000000000
0000000000000
0000000001101
0000000010000
0000000000000
0000000110111
0000000000111
0000001101110
0000101100110
0001001010000
0000000000000
0000000000000
0000001010111
0000000000000
0000000000000
0000000000000
0000000000000
0010101100010
0011001111100
0000000000000
0000000000000
0000000000000
0000000000000
0000000000000
0000000000000
0000000000000
0000000000000
0000000000000
0000000000011
0000000000000
0000000000000
0000000000000
0000010010101
0100010101000
0011011011011
0010111011101
0010001010100
0010001111001
0000100111100
0000000000000
0000000011000
0000000000000
0000000001001
0000000011010
0000000000000
0000000000000
0000000000000
0000000000000
0000000000101
0000000000111
0000000010110
0000000011111
0000000000000
0000000000000
0000000000000
0000000000000
0000000000000
0000000000000
0000000000000
0000000001110
0000000000000
0000000000000
0000000000000
0000000000000
0000000000000
0000000000000
0000000000000
0000000000100
0000000000001
0000000000100
0000000000000
0000000000000
0000101000000
0000011010110
0000000000000
0000100001000
0000000000000
0000000000000
0000000000000
0000000000000
0000000000000
0000000000000
0011110001011
0000110100101
0000000000000
0000000000000
0000000000000
0000000000000
0000000000000
0000000010101
0000000000000
0000000000000
0000000000000
0000000000000
0000000000000
0000000000000
0000000000000
0000001000100
0100010111001
0001110101111
0001010100001
0000011000001
0000111001000
0000000000000
0000000111010
0000000000000
0000000000110
0000000000010
0000000001000
0000000000000
0000000000000
0000000001011
0000000001011
0000000011010
0000000001011
0000000000100
0000000000110
0000000000000
0000000000000
0000000000000
0000000000000
0000000000000
0000000000000
0000000000000
0000000000000
0000000000000
0000000000000
0000000000000
0000000000000
0000000000000
0000000001100
0000000001110
0000000001000
0000000000000
0000000000000
0000000000000
0000000110010
0000010000111
0001011011101
0001001000001
0000000000000
0000000011111
0000010000000
0000000000000
0000000000000
0000000000000
0000000000000
0011110000111
0011000011011
0000100010010
0000011101101
0000000000000
0000000000000
0000000000000
0000000000000
0000000000000
0000000000000
0000000000000
0000000000000
0000000000000
0000000000000
0000000000000
0000000000000
0000000000000
0010010100010
0000111101011
0000000000000
0000111111000
0000000000000
0000000000000
0000000001111
0000000000000
0000000000000
0000000000000
0000000000001
0000000010001
0000000010101
0000000000000
0000001110000
0000000000000
0000011100110
0000001001110
0000001101000
0000011001110
0000000000000
0000001101101
0000000000000
0000000000000
0000000000000
0000000000000
0000000000000
0000000000000
0000000000000
0000000000000
0000000000110
0000000100110
0000000000000
0000000000000
0000000000000
0000000000000
0000000110000
0000011000101
0000010011001
0000101000010
0000101101010
0000001001110
0000000000000
0000000000000
0000000000000
0000000000000
0000000000000
0000000000000
0000000000000
0000000000001
0000000000000
0000000000000
0000000000000
0000000101110
0000000000000
0000000000000
0000000011000
0000000000000
0000000000000
0000000000000
0000000000000
0000000000000
0000000000000
0000000000000
0000000000000
0000000000000
0010001100100
0000100000111
0000000000000
0000000000000
0000000000111
0000000000000
0000000000000
0000000010111
0000000011001
0000000001100
0000000010100
0000000000000
0000001010101
0000000010011
0000010011101
0000000101100
0000001011100
0000000000000
0000000000000
0000000000011
0000000000000
0000000000000
0000000000000
0000000000000
0000000000000
0000000000000
0000000000000
0000000000000
0000000111000
0000000000000
0000001000100
0000000000000
0000000101111
0000000000000
0000000000000
0000101110011
0000100101101
0000000000000
0000000000000
0000000000000
0000000000000
0000000000000
0000000000000
0000000000000
0000000000000
0000000000000
0000000000000
0000000000000
0000000000000
0000000000000
0000000000000
0000000000000
0000000101000
0000001000100
0000000000000
0000000000000
0000000000000
0000000000000
0000000000000
0000000000000
0000000000000
0000000000000
0000000000000
0010110100100
0000111111101
0000000000000
0000000001001
0000000000000
0000000001001
0000000000001
0000000000101
0000000100011
0000000100010
0000000101011
0000001011001
0000000111011
0001011111001
0000000111111
0000000000000
0000110100101
0001000010110
0000000000000
0000011000011
0000111011000
0000010111111
0000000000010
0000000010111
0000000000000
0000000010100
0000000000000
0000001001111
0000000000000
0000100001000
0000000000000
0000101011100
0000000000000
0000001111110
0000000000000
0000000000000
0000110011100
0000000110111
0000000000000
0000101001001
0000101010001
0000000000000
0000000000000
0000000000000
0000000000000
0000000000000
0000000000000
0000000000000
0000000000000
0000000000000
0000000000000
0000000000000
0000000110111
0000000000000
0000000011000
0000000001011
0000000000000
0000000000000
0000000000000
0000001000100
0000000000000
0000000000000
0000000000000
0011011000010
0010111111010
0000000000000
0000000000000
0000000000000
0000000000000
0000000011110
0000000100101
0000000000110
0000000000000
0000000110000
0000000000110
0000001001110
0000000000000
0000111110111
0000010001001
0000000000000
0000000000000
0000100011111
0000000000000
0000010010100
0000000000000
0000011110110
0000000000000
0000011101011
0000000000000
0000000111100
0000010100010
0000000000000
0000000000000
0000111111101
0001111110010
0000000000000
0000000000000
0000010000111
0000000001110
0000000000000
0000000110111
0000010001101
0001011111000
0000000001010
0000000000000
0000000000000
0000000000000
0000000000000
0000000000000
0000000000000
0000000000000
0000000000000
0000000000000
0000000000000
0000000000000
0000000000000
0000000000000
0000000000000
0000000000000
0000000001010
0000000010010
0000000000000
0000000000000
0000000000000
0000000000000
0000110100101
0011101010011
0000000000000
0000010110101
0001011100011
0000000000000
0000000000000
0000000000000
0000000000110
0000000000000
0000000001010
0000000011000
0000000000010
0000000000000
0000110000111
0000011010000
0000000000000
0000000000000
0000000000000
0001110001010
0011000001111
0000000000000
0000000000000
0000000000000
0000000000000
0000000000000
0000001011011
0000000000000
0000000000000
0000001100110
0000000000000
0000000101010
0000000000000
0010010010110
0000000000000
0010111010100
0001010101001
0000000000000
0000000100010
0000010111010
0000001011000
0000110110010
0000000000000
0000000000000
0000000000000
0000000000000
0000000000000
0000000000000
0000000000000
0000000000000
0000000000000
0000000000000
0000000000000
0000000000000
0000000000000
0000000000000
0000000000000
0000000000000
0000000000000
0000000010001
0000000000000
0000000000010
0000101100100
0000000000000
0000000000000
0000000000000
0011001111000
0010001001010
0000000000000
0000000000000
0000000010011
0000000010010
0000000000000
0000000000000
0000000000000
0000010001011
0000010100010
0000100010011
0001100101010
0000000000000
0000000000000
0000110010111
0010110011110
0000010011101
0010001101101
0001100111001
0000000000000
0001101110101
0001110011011
0000000000000
0000000000000
0000000000000
0000100010100
0000000000000
0011000000110
0000000000000
0000000000000
0010000111110
0000000000000
0000000000000
0011110011111
0000111110100
0000000000000
0000011100111
0000000000000
0000000000000
0000111101001
0000100000100
0000000000000
0000000000000
0000000000010
0000000000000
0000000000000
0000000000000
0000000000000
0000000001100
0000000000000
0000000000000
0000000000000
0000000011001
0000000111010
0000000011000
0000000000000
0000000000000
0000000001011
0000001010001
0000010011010
0000000000000
0000000000000
0000000000000
0010110101000
0000001101100
0000000110001
0000000000000
0000000000000
0000000000000
0000000000000
0000000010000
0000000000011
0000000111101
0000000000000
0000111110111
0000000000000
0000000000000
0000010001001
0000111101100
0010001100000
0000100100111
0011000100000
0000111100001
0000000000000
0001010111110
0010000011100
0000000000000
0000000000000
0000010100111
0000000000000
0001101110111
0010000000111
0000000000000
0000100101101
0000000000000
0000000000000
0000000000000
0000000000000
0000000000000
0000010110111
0000111010111
0000000000000
0000011001000
0000001011111
0000111100111
0000000000000
0000000000000
0000000000000
0000000000000
0000000000010
0000000000000
0000000000000
0000000000000
0000000001011
0000000000000
0000000000000
0000000000000
0000000000111
0000001000000
0000000011110
0000000000000
0000000000000
0000000000000
0000000000000
0000000000000
0000000000000
0011100100000
0010010001111
0000000000000
0000000000000
0000000000000
0000000000000
0000000000000
0000000000111
0000000000100
0000000111101
0000111110101
0001010101000
0000000000000
0000000000000
0000100000001
0000000000000
0001101000000
0001110001011
0000101100000
0001100100000
0010100100011
0000000000000
0000000000000
0010111011101
0011000110010
0000100000011
0000110000101
0000000000000
0000000000000
0010001111000
0010111111000
0000000100111
0000001101101
0000000000000
0000010001000
0000000000000
0000000000000
0000001110000
0001001111001
0000000011011
0001010001000
0001011110101
0000001101100
0000000000000
0000000000000
0000000001001
0000000000001
0000000000000
0000000000000
0000000000000
0000000000000
0000000000000
0000000000000
0000000000000
0000000000000
0000000000000
0000000000000
0000000010100
0000000000000
0000000000000
0000000000000
0000000000000
0000000000000
0000000000000
0100000001010
0010000101000
0000000000000
0000001010111
0000000000000
0000000000000
0000000000000
0000000111110
0000000000000
0000011001011
0000101101011
0000000000000
0000000000000
0000111110010
0000111011000
0011011011010
0001100000001
0000000000000
0001100000011
0000000000000
0000000000000
0010001010010
0000011101010
0000100011100
0010001100001
0000101110100
0000000000000
0000000000000
0000000000000
0001011101010
0011001010101
0000000000000
0000001011010
0000000000000
0000001000011
0000000000000
0000000000000
0000011010001
0001000101110
0000000000000
0000100011011
0010011111010
0000000000000
0000000000000
0000000000000
0000000000000
0000000000000
0000000000000
0000000000000
0000000000000
0000000000000
0000000000000
0000000000000
0000000000000
0000000000000
0000000111100
0000000000000
0000000000000
0000000000000
0000010001101
0000000000000
0000000000000
0000000000000
0011101110010
0001110101001
0001001111000
0000000000000
0001111101000
0001111101010
0000000000000
0000000000000
0000001001110
0000000000000
0001000101110
0000000000000
0000000000000
0010100100110
0010100110110
0001001110011
0001111111111
0000000000000
0001101110000
0000000000000
0000000000000
0000000000000
0000000000000
0010001000111
0000110001010
0001001001100
0000011101010
0000000000000
0000100101101
0000000000000
0000011101011
0011000001011
0001011001110
0000000000000
0000110001101
0000000000000
0000000000000
0000000000000
0000011010100
0001100010001
0000111111101
0000000000000
0000000000000
0000000000000
0000100110111
0000010000011
0000000000000
0000000000000
0000000000000
0000000000000
0000000000000
0000000000000
0000000000000
0000000000000
0000000000000
0000000000000
0000000000000
0000000000000
0000000000000
0000000000000
0000011101110
0000011010101
0000010110110
0000000000000
0000001000100
0000000000000
0000000000000
0000000100000
0000111000100
0001110101010
0000000110110
0000000000000
0000011111111
0000100001011
0000000000000
0000000000000
0000000000000
0010110101001
0010000101011
0000000000000
0000000000000
0000000000000
0000000000000
0011000101111
0011011001101
0000000000000
0000000010000
0001001000010
0000000000000
0001110110111
0000000110000
0000000000000
0000001010101
0010011100001
0000010011011
0000010001011
0001001100010
0010010011101
0000001110100
0000000000000
0000000000000
0000000000000
0000000101011
0000011111101
0000000000000
0000111111101
0000000000000
0000000000000
0000000000000
0000000000000
0000000000000
0000000000000
0000000000001
0000000000000
0000000000000
0000000000000
0000000000000
0000000000000
0000000000000
0000000000001
0000000000000
0000000000000
0000000000000
0000000000000
0000000000000
0000001110101
0000000000000
0000000000000
0000000000000
0000000000000
0000000000000
0011000000000
0000000000000
0001001010001
0000100100101
0000000000000
0000110110100
0010001010101
0000000000000
0000000000000
0000000000000
0001011000100
0010001011100
0000000000000
0000000000000
0000000000000
0000000000000
0011001010000
0010011111111
0001000001101
0000010001101
0000010101000
0000000101101
0000001010001
0000000001001
0000100101001
0000000000000
0000101001100
0000000001001
0000100111001
0001011001010
0010010000111
0000000000000
0000000000000
0000000000000
0010111101010
0000000000000
0000000000000
0000110000000
0001001111001
0000000000000
0000000000000
0000000011110
0000000000000
0000000000000
0000000000000
0000000000000
0000000000000
0000000000000
0000000000000
0000000000010
0000000000111
0000000000000
0000000000000
0000000000000
0000000000000
0000000000000
0000000000000
0000000000000
0000000000000
0000000101101
0000000000000
0000000000000
0000000000000
0001011100000
0001101010011
0000000000000
0000110010000
0000100000010
0000000000000
0000010101011
0001000110001
0000000000000
0000000000000
0010001011001
0001100000110
0001111100101
0001110111000
0000110000100
0000110000101
0001010010100
0000101111111
0000001011010
0000001011101
0000000000000
0000001100010
0000000000000
0000010110001
0000000001101
0000101111001
0000000000000
0000010100011
0000000000000
0000000000000
0000000110011
0000000000000
0000101100100
0001111011001
0001101101100
0010000111011
0000000000000
0000000000000
0000000000000
0000000000000
0001111110110
0000001010100
0000000000000
0000000000000
0000000000000
0000000000000
0000000000000
0000000000000
0000000000000
0000000000000
0000000011001
0000000000110
0000000000000
0000000000000
0000000000000
0000000000000
0000000000000
0000000000000
0000001001010
0000000010111
0000000000000
0000000000000
0000000000000
0000000000000
0001011011101
0000000000000
0000000000000
0000110111110
0001001001111
0000011000101
0000000010011
0000000000000
0000101011000
0000011100000
0010000110100
0001111000110
0000111001100
0001011110000
0000110111110
0000111001110
0000111010000
0000001001110
0000010000011
0000000000000
0000000000000
0000000000000
0000000000000
0000000000000
0000000010001
0000000000000
0000000000000
0000000000000
0000000000000
0000000000000
0000010010001
0000010110000
0001001110001
0000010110110
0001010001111
0001101001101
0001111000011
0000000000000
0000000000000
0001010010010
0001000111001
0000000000000
0000000000000
0000000000000
0000000000000
0000000000000
0000000000000
0000000000000
0000000000000
0000000000000
0000000010000
0000000000000
0000000000000
0000000001101
0000000000000
0000000000000
0000000000000
0000000000000
0000000000000
0000000000000
0000000100010
0000000000000
0000010111010
0000000000000
0000000000000
0000000000000
0000000000000
0001001110000
0011100010001
0000110001010
0000000000000
0000000010011
0001001111000
0001100001111
0000000000000
0000000000000
0001011001111
0001101111010
0000000000000
0000000000000
0000000000000
0000000000000
0000000000000
0000000000000
0000000000000
0000000000000
0000000000000
0000000000010
0000000001001
0000000000010
0000000000000
0000000000000
0000000000000
0000000000000
0000000001001
0000000000000
0001001111000
0000000000000
0000000000000
0001001011000
0001111110100
0000000000000
0000000000000
0010101010011
0001111010000
0000000000000
0000000000000
0000000000000
0000000000000
0000000000000
0000000000000
0000000000000
0000000000000
0000000000000
0000000000000
0000000000000
0000000000000
0000000000011
0000000010010
0000000000000
0000000000000
0000000000000
0000000000000
0000000000000
0000001001000
0000000101001
0000000000000
0000000000000
0000000000000
0000000000000
0000000000000
0001110110011
0011101111111
0000000000000
0000000000000
0000110001010
0000101001101
0001001001010
0000000000000
0000000000000
0001100111010
0001101001111
0000000000000
0000000000000
0000000000000
0000000000000
0000000000010
0000000000000
0000000000000
0000000000000
0000000000010
0000000001101
0000000000110
0000000000000
0000000000000
0000000000000
0000000000000
0000000000000
0000000000000
0000000100001
0001001000110
0000000000000
0000000000000
0000000000000
0001110101011
0000011100110
0000000000000
0000101111111
0000000000000
0000000000000
0000000000000
0000000000000
0000000111100
0000000000000
0000000000000
0000000000000
0000000000000
0000000111111
0000000000000
0000000000000
0000000000000
0000000000000
0000000000000
0000000000110
0000000000000
0000000000000
0000000000000
0000001010100
0000000010110
0000000000000
0000000100010
0000000000000
0000000000000
0000011000100
0011111111001
0000000000000
0000000000000
0000100100111
0001001000111
0001110111010
0000000000000
0000000000000
0010101100111
0000000000000
0000001101011
0001110110001
0000000000000
0000000000000
0000000000000
0000000000000
0000000000000
0000000000000
0000000000000
0000000000000
0000000001000
0000000000000
0000000000000
0000000000000
0000000000000
0000000000000
0000000000000
0000000000000
0000000001001
0000000011101
0001010010001
0000000000000
0000000000000
0000010011001
0001010001110
0000110100101
0000101101001
0000111011011
0010000111001
0000000000000
0000000000000
0000000111000
0000001100001
0000000000000
0000000000000
0000000000000
0000000000000
0000000000000
0000000000000
0000010010010
0000001111011
0000000000000
0000000000000
0000000000000
0000000000000
0000001001100
0000000000000
0000000000000
0000000011101
0000000000000
0000000001011
0000000000000
0000000000000
0000000000000
0100100111100
0000001000100
0000000000000
0000000000000
0000101001011
0001100000000
0000000000000
0000000000000
0001111110111
0000000000000
0000011010011
0001010101000
0000011110101
0000000000000
0000010001000
0000000000101
0000000000000
0000000000000
0000000000000
0000000000000
0000000000000
0000000000000
0000000000000
0000000000001
0000000000000
0000000000000
0000000000000
0000000000000
0000000000011
0000000000011
0000101110111
0000000101100
0000000000000
0000000000000
0000110011100
0000000101101
0001100011010
0000110101100
0000000000000
0000000000000
0000000000000
0000000000000
0000000000000
0000000011000
0000000000000
0000000000000
0000000000000
0000000000000
0000000000000
0000000000000
0000000000000
0000010111100
0000010010000
0000000000000
0000000101001
0000001001101
0000000000000
0000000000000
0000000101110
0000001000101
0000000110000
0000000000000
0000000000000
0000000101000
0000000000000
0000000000000
0000000000000
0000000000000
0001101001111
0000000000000
0000000000000
0001100101100
0001001110001
0010110100011
0000110000111
0000000101010
0000010101111
0000000000000
0000000000000
0000000000101
0000000000000
0000000000000
0000000000000
0000000000000
0000000000000
0000000011000
0000000000000
0000000000000
0000000000000
0000000000000
0000000000000
0000000000111
0000000000000
0000000001110
0000010010001
0000000000000
0000101100001
0000000000000
0000101110101
0000000000000
0000111101110
0010000110110
0000000000000
0000000000000
0000000000000
0000000000000
0000001010000
0000000011101
0000000000000
0000000001010
0000000000000
0000000000000
0000000010110
0000010110010
0000001000100
0000000000000
0000000000000
0000000000000
0000000000000
0000000000000
0000000000000
0000000000000
0000000110100
0000010111010
0000010001001
0000000000000
0000000000000
0000000000000
0000000000000
0000000000000
0000000000000
0000000000000
0001010011001
0000101000101
0000000000000
0000000000000
0010000100100
0001100001110
0000110111011
0000010000000
0000000000000
0000001011101
0001000010010
0000000000000
0000000000000
0000000000000
0000000000000
0000000000010
0000000000000
0000000010001
0000000000000
0000000000100
0000000000000
0000000000000
0000000000000
0000000000000
0000010100000
0000001100000
0000111000100
0000000000000
0000011101011
0000000011011
0000000100011
0000000000000
0001001001011
0001001011100
0000000000000
0000000000000
0000000000000
0000000000000
0000000000000
0000000000000
0000000000000
0000000000000
0000000000000
0000000000000
0000000001011
0000000101101
0000000000001
0000000000000
0000000000000
0000000000000
0000000000000
0000000000000
0000000000000
0000000000000
0000000000000
0000000001101
0000000100011
0000001010011
0000001101000
0000010100001
0000000000000
0000000000000
0000000000000
0011101011100
0000111001101
0000000000000
0000000000000
0000000000000
0011100001100
0010010111001
0000000000000
0000001010011
0001100000110
0000000000000
0000000000000
0000000001000
0000000000000
0000000000000
0000010111011
0000000000000
0000101001000
0000000000000
0000010110001
0000000000100
0000000000000
0000000000000
0000000000000
0000000000000
0000000000000
0000000000000
0000000000000
0000000000000
0001000101000
0000011000100
0000000000000
0000110100011
0010010001010
0001010110111
0011100110111
0011111010010
0000000000000
0000000000000
0000000101000
0000000000000
0000000000000
0000000000000
0000000000000
0000000000000
0000000000000
0000000000000
0000000000000
0000000100101
0000000000000
0000000110001
0000000100001
0000000010110
0000000000000
0000000000011
0000000010101
0000000000000
0000000000000
0000000000000
0000001110001
0000010101010
0000001111100
0000000000011
0000000000000
0000110110111
0000000000000
0000000000000
0010000011011
0000000000000
0000000000000
0010101011011
0001010001010
0000000000000
0000011001100
0000000000000
0000001101110
0000000000000
0000000000000
0000000000000
0000000000000
0000000000000
0000000000000
0000000000000
0000100110010
0000000000000
0000000000000
0000000000001
0000000000000
0000001100101
0001100011110
0000100010111
0000000000000
0000001001111
0001110110001
0001001000111
0000111100111
0000101011001
0001100000000
0001110010011
0001100011100
0011110011010
0011111001101
0000000000000
0000000000000
0000010000010
0001000100111
0000010011100
0000000000000
0000000000000
0000000000000
0000000000000
0000000000000
0000000000000
0000000000000
0000000001110
0000000010100
0000010101001
0000000000000
0000000011001
0000000111011
0000000000000
0000000000000
0000000000000
0000000000000
0000000000000
0000000000000
0000000000000
0000000000000
0000000000000
0000000000000
0000000101011
0000000000000
0000000011010
0000000000000
0000000000000
0010100001101
0001110110011
0000111010011
0000000000000
0000011101110
0000000000000
0000001100001
0000000000000
0001010011000
0000000110100
0000000000000
0000000000000
0001011010010
0000000000000
0000000000000
0000000000000
0000001111101
0000000000000
0000101111011
0000101110110
0000111000111
0000000001010
0000101101101
0010011000100
0011000100011
0000000000000
0000000000000
0000000000000
0000000000000
0000000000000
0001110001111
0000000001101
0001010010010
0011011111010
0001001110001
0000000000000
0000000000000
0000010000001
0000000000000
0000000000000
0000000000000
0000000000000
0000000000000
0000000000000
0000000000000
0000000000000
0000000000000
0000000000000
0000000101101
0000000011110
0000000000000
0000000000000
0000000000000
0000000000000
0000000000000
0000000000000
0000000000000
0000000000000
0000000000000
0000000111100
0000000000000
0000000000000
0000000000000
0000000000000
0011010000101
0001011111101
0000000000000
0000001001110
0000000000000
0000000000000
0000000000000
0000011001101
0000100100100
0000000000000
0000000000000
0000000000011
0000000000000
0000000000000
0000000000000
0000001100110
0000001111001
0001011001100
0000101110010
0000000000000
0000111111101
0001000010011
0010000110011
0010000100011
0000000000000
0000000000000
0000000000000
0000000000000
0000000000000
0000000000000
0000010001101
0001011111100
0001101111111
0000101111101
0000000000000
0000000000000
0010000101011
0000000000000
0000000000000
0000000000000
0000000000000
0000000000000
0000000000000
0000000000000
0000000000000
0000000000000
0000000000000
0000000000000
0000000000000
0000000000110
0000000111001
0000000010000
0000000000000
0000000000000
0000000000000
0000000000000
0000000000000
0000000000000
0000000000000
0000000000000
0000000000000
0000000010100
0000000000000
0000000000000
0000000000000
0010011100000
0010111011100
0000001100110
0000000000000
0000000000000
0001011111000
0000000000000
0000001110101
0000000000000
0000101000101
0000000000000
0000010100000
0000000000111
0000001101001
0000001101011
0001100101111
0000010000110
0000000000000
0000111001010
0000000000000
0001110110001
0010101101101
0000000000000
0000000000000
0000000000000
0000000000000
0000000000000
0000000000000
0000000000000
0010011100011
0010100011001
0000000000000
0000000000000
0000000000000
0000000000000
0011101000001
0001001100101
0000000000000
0000000000000
0000100011000
0000000111111
0000000000000
0000000000000
0000000000000
0000000000000
0000000000000
0000000000000
0000000000000
0000000000111
0000000001110
0000000001101
0000000011001
0000000000101
0000000000000
0000000000000
0000000000000
0000000000000
0000000000000
0000000000000
0000000000000
0000000000000
0000000000000
0000000000000
0000000000000
0000000000000
0001101001001
0000111110100
0000001010111
0000000000001
0000000000000
0000000000000
0000000000000
0000000000000
0000000000000
0000000000000
0000000000000
0000001110101
0000010001011
0001101110100
0001011101110
0000000000000
0000000000000
0001101011010
0000101010000
0001000101010
0010001101000
0000000000000
0000000000000
0000000000000
0000000000000
0000000000000
0000000000000
0000000000000
0010011001010
0001011010010
0000000000000
0000000000000
0000000000000
0000000000000
0000000000000
0010101111010
0000000000000
0001011000110
0010111010001
0010001111111
0000001010011
0000000000000
0000100101000
0001011001101
0000000000000
0000000000000
0000000000000
0000000000000
0000000000000
0000000000101
0000000010000
0000000100000
0000000111110
0000000000110
0000000011100
0000000000001
0000000000000
0000000000000
0000000000000
0000000000000
0000000000000
0000000000000
0000001010110
0000000000000
0000000000000
0001100011001
0010100011110
0000001011111
0000000101110
0000000000000
0000000000000
0000000000000
0000000000000
0000000000000
0000001101000
0000010010010
0001101100110
0001110001111
0000000000000
0000000000000
0000011111000
0010101110110
0001011000110
0000000000000
0010011111010
0100010000101
0000000000000
0000000000000
0000000000000
0000000000000
0101110111110
0010110010101
0000000000000
0000000000000
0000000000000
0000000000000
0000000000000
0000000000000
0000000000000
0100001110011
0011000101000
0000000000000
0000001011100
0000110111100
0000110100101
0000110111111
0000111000110
0000110111101
0000000000000
0000000000000
0000000000000
0000000000000
0000000000000
0000000000000
0000000000000
0000000000000
0000000001100
0000000011101
0000000000000
0000000111101
0000010001100
0000000000000
0000001001010
0000101001000
0000010011001
0000000000000
0000000000000
0000000000000
0000000000000
0000010111111
0001011001000
0000100101111
0000001001111
0000000000000
0000000000000
0000000000000
0000000000000
0000001011100
0000010001110
0001101101000
0001101110011
0000000000000
0000000000000
0000000000000
0001101111100
0001010000000
0000001111001
0000001101010
0001101110001
0010001101010
0000000000000
0000000000000
0000000000000
0100001101000
0011001000000
0001111001100
0000000000000
0000000000000
0000000000000
0000000000000
0000000000000
0000000000000
0000000000000
0000111000100
0001100100011
0000000000000
0000011110011
0000011010100
0000011011101
0000101011000
0000011010111
0000100010110
0000000000001
0000000000000
0000000000000
0000000000000
0000000000000
0000000000000
0000000000000
0000000000000
0000000000000
0000000001010
0000000101100
0000000000000
0000000000000
0000000100000
0000001001100
0000010001110
0000010111100
0000000100000
0000000000000
0000000000000
0000000000000
0000000000000
0010010010111
0001000011010
0000000001011
0000000011100
0000000000000
0000000000000
0000001111001
0000001111110
0001101110001
0001110000010
0000000000000
0000000000000
0000000000000
0000000000000
0001101100100
0001101000111
0000111110110
0000101110011
0000000000000
0010010010000
0010000000100
0000000000000
0010100111100
0000110101100
0000110000101
0000000000000
0000000000000
0000000000000
0000000000111
0000000000000
0000000000000
0000000000000
0000000000000
0001101111101
0001101011010
0000000000000
0000000000000
0000000000000
0000000000000
0000000000000
0000000000000
0000000000000
0000000000000
0000000000000
0000000000000
0000000000000
0000000000000
0000000000000
0000000000000
0000000000000
0000000000000
0000000000000
0000000000000
0000000000000
0000000000000
0000000000000
0000000000000
0000000000000
0000000000000
0000001100001
0000011011100
0000000000000
0000000000000
0000000000000
0000000000000
0001001100100
0000110000110
0000000111000
0000000000000
0000000011110
0000000000000
0001000101001
0001000111111
0000000000000
0000000000000
0000000000000
0000000000000
0010001000111
0001010110101
0000001110001
0000000000000
0000000000000
0001000101000
0000001111000
0001000011101
0001111010110
0011100010101
0000010110010
0000000000000
0000000000000
0000000000000
0000000000000
0000000000000
0000000000000
0000000000000
0000000000000
0010101111111
0001111000101
0000000000000
0000000000000
0000000000000
0000000000000
0000000000000
0000000000000
0000000000000
0000000000000
0000000000000
0000000000000
0000000000000
0000000000000
0000000000000
0000000000000
0000000000000
0000000000000
0000000000000
0000000000000
0000000000000
0000000000000
0000000000000
0000000000000
0000000000000
0000000000000
0000000000000
0000000000000
0000001000001
0000011100000
0000001100000
0000000000000
0000000000000
0000000001001
0000111010011
0000100011100
0000001101011
0000001101100
0001000011111
0001000110001
0000000000000
0000000000000
0000000000000
0000000000000
0000000000000
0001101110000
0001001111010
0000010001001
0000001100110
0000010001100
0000011101100
0001000100111
0001011101111
0010101111011
0000000000000
0001011111001
0000000000000
0000000000000
0000000000000
0000000000000
0000000001010
0000000000000
0000000000000
0000000000000
0010011000001
0000000000000
0000000000000
0000000000000
0000000000000
0000000000000
0000000000000
0000000000000
0000000000000
0000000000000
0000000000000
0000000000000
0000000101100
0000000000101
0000000000000
0000000000000
0000000000000
0000000000000
0000000000000
0000000000000
0000000000000
0000000000000
0000000000000
0000000000000
0000001010101
0000000011001
0000000000000
0000000000000
0000000000000
0000011011011
0000011011111
0000010011110
0000000000000
0000000000000
0001010010001
0000111100100
0000011101001
0000110010010
0000001101000
0000000000000
0010000100111
0010011111000
0000000000000
0000000000000
0000111000001
0001010000000
0000011111010
0000000000000
0000000000000
0000000000000
0000000000000
0000111000011
0001000000001
0001011011100
0000000000000
0000000000000
0000000000000
0000000000000
0000000001100
0000000001101
0000000000000
0000000000000
0000000000000
0010100111010
0000000000000
0000000000000
0000000000000
0000000000000
0000000000000
0000000001110
0000000000000
0000000000000
0000000000000
0000000000000
0000000000000
0000000000000
0000000000000
0000001001001
0000000000000
0000000000000
0000000000000
0000000000000
0000000000000
0000000000000
0000000000000
0000000000000
0000000000000
0000000000000
0000000000000
0000000000000
0000000000011
0000000000000
0000000000000
0000000000000
0000011000000
0000011011111
0000010000010
0000000110001
0000000001111
0000000000000
0000101000001
0001100010100
0000000000000
0000000000000
0010010000011
0001001001101
0001101110010
0000110000001
0000100000110
0000000100000
0000001110101
0000000011100
0000000000000
0001011011010
0000000000000
0000000000000
0001100110110
0001011111101
0000000000000
0000000000000
0000000000000
0000000000000
0000000000000
0000000001001
0000000000000
0000000000000
0000000000000
0001100001010
0000000000000
0000000000000
0000000000000
0000000000000
0000000001010
0000000000000
0000000000100
0000000000000
0000000000000
0000000000000
0000010100011
0000000000000
0000000000000
0000000000111
0000000001100
0000001001100
0000000010010
0000000000000
0000000000000
0000000000000
0000000000000
0000000000000
0000000000000
0000000000000
0000000000000
0000000000000
0000000000000
0000000000000
0000000000000
0000010010110
0000000011010
0000000000000
0000000000000
0000000000000
0000000010111
0000000000000
0000000000000
0000001000111
0000000000000
0000000000000
0000000000000
0010011010100
0000011010101
0000010101000
0000111111010
0000001110000
0000000000000
0000000000111
0000000000000
0000000000000
0000000011000
0001101010001
0011000100110
0000000000000
0000000000000
0000000000000
0000000000000
0000000000000
0000000000010
0000000000000
0000000000000
0000000000000
0000000000000
0000000000000
0000000000000
0000000000000
0000000000000
0000000000000
0000000000000
0000000000000
0000000000000
0000000000000
0000000000000
0000000000000
0000100001010
0000010000101
0000010101010
0000000000000
0000000000000
0000000000000
0000000000000
0000001001111
0000001001011
0000000000000
0000000000000
0000000000000
0000000000000
0000000000000
0000000000000
0000000000000
0000000000000
0000000000000
0000000000000
0000000000000
0000000000000
0000000000000
0000000000000
0000000000000
0000000000000
0000000000000
0000000000000
0000000000000
0000001010110
0000000000000
0000000000000
0000000000000
0001000011110
0010100100101
0000110110101
0000000000000
0000001110011
0000011010101
0000000000000
0000000000000
0000000000000
0010111101100
0100001001101
0000000000000
0000000000000
0000000000000
0000000000000
0000000010000
0000000000000
0000000000000
0000000010101
0000000000000
0000000000000
0000000000000
0000000000000
0000000000000
0000000010000
0000000000000
0000000000000
0000000011110
0000000000000
0000000000000
0000000000000
0000000000000
0000000001101
0000010000110
0000100100110
0000100001101
0000001011100
0000000000000
0000000000000
0000000000000
0000000000000
0000000000000
0000000000000
0000000000000
0000000000000
0000000000000
0000000000000
0000000000000
0000000000000
0000000000000
0000000000000
0000000000000
0000000000000
0000000000000
0000000000000
0000000000000
0000000000000
0000000000000
0000000010011
0000001010110
0000000000000
0000000000000
0000110101100
0000000000000
0000000000000
0000010010101
0001001101111
0000000001001
0000000000000
0000100010110
0000000000000
0000000000000
0001001101010
0011000111111
0000000000000
0000000000000
0000000000000
0000000000000
0000000010000
0000000000000
0000000000000
0000000001001
0000000000100
0000000000000
0000000000000
0000000000010
0000000010011
0000000001011
0000000011111
0000000000000
0000000000000
0000000000000
0000000000110
0000000001100
0000000000000
0000000000000
0000000000000
0000000000000
0000000000000
0000100011000
0000101111101
0000100110000
0000001101011
0000000000000
0000000000000
0000000101110
0000000000000
0000000000000
0000001001001
0000000011000
0000000000000
0000000000000
0000000000000
0000000000000
0000000000000
0000000000000
0000000000000
0000000000000
0000000000000
0000000000000
0000000000000
0000000000000
0000000000000
0000000000000
0000000000000
0000000000000
0000001011011
0000001111101
0000000000000
0000000110011
0000000000000
0000000000000
0001000011110
0000110011101
0000000000000
0000000000000
0001100101011
0011111111111
0000000000000
0000000000000
0000000000000
0000000001000
0000000001111
0000000000000
0000000000000
0000000000001
0000000000000
0000000000000
0000000000000
0000000000011
0000000001000
0000000000000
0000000000000
0000000000000
0000000000000
0000000000000
0000000000000
0000000000000
0000000000001
0000000000000
0000000000000
0000000000000
0000000000000
0000000000000
0000000000000
0000000000000
0000000001110
0000101011000
0000001011001
0000000000000
0000000000000
0000000000000
0000000000000
0000000011011
0000010110100
0000001111000
0000000000000
0000000110111
0000001000100
0000000000000
0000000000000
0000000000000
0000000000000
0000000000000
0000000000000
0000000000000
0000000000000
0000000000000
0000000000000
0000000010000
0000100101111
0000000000000
0000000000000
0001000000000
0001100111011
0000000110101
0000000110010
0001010101011
0000001010001
0000000000000
0010010111110
0100100001010
0000000000000
0000000000000
0000000000000
0000000000000
0000000001010
0000000000100
0000000000000
0000000000000
0000000000000
0000000000000
0000000000000
0000000000000
0000000000000
0000000001010
0000000000000
0000000000000
0000000000000
0000000000000
0000000000000
0000000000001
0000000000000
0000000000000
0000000000000
0000000000110
0000000110010
0000000010001
0000000000000
0000000000000
0000000000000
0000000000000
0000000000000
0000000000000
0000010111001
0000000001110
0000000000000
0000000000000
0000000000000
0000000000000
0000000000000
0000000000000
0000010010010
0000011100111
0000100000000
0000010101111
0000000000000
0000000000000
0000000000000
0000000000000
0000000000000
0000000000000
0000000000000
0000000000000
0001010111110
0000000000000
0000000000000
0001100101111
0010011010101
0000000000000
0000101110101
0001100000111
0000101101001
0000000000000
0010010010101
0100010101000
0000000000000
0000000000000
0000000000000
0000000000000
0000000010100
0000000000000
0000000000000
0000000000000
0000000010110
0000000000000
0000000000000
0000000000000
0000000000000
0000000000000
0000000000011
0000000000000
0000000000000
0000000000000
0000000000000
0000000010111
0000000000000
0000000000000
0000000000000
0000000001101
0000001010100
0000000111001
0000000011110
0000000100010
0000000101110
0000000000110
0000000000000
0000000000000
0000000000000
0000000000000
0000000000000
0000000000000
0000000000000
0000000000000
0000000000000
0000000000000
0000000000000
0000000111110
0000010100001
0000010111010
0000011001011
0000001000111
0000000000000
0000000000000
0000000000000
0000000000000
0000001100111
0000011101111
0000000000000
0000000000000
0000000000000
0010000111110
0001011010010
0000000000000
0001001001000
0001010111100
0000000000000
0000000000000
0100100001010
0000000000000
0000000000000
0000000000000
0000000000000
0000000001110
0000000000000
0000000000000
0000000000000
0000000000000
0000000000000
0000000000000
0000000000000
0000000000000
0000000000001
0000000000000
0000000000000
0000000000000
0000000000101
0000000000000
0000000000000
0000000000000
0000000000011
0000000000000
0000000000000
0000000000000
0000000000000
0000000000000
0000001001010
0000010010011
0000001011000
0000000001010
0000000000000
0000001101011
0000000000000
0000000000000
0000000000000
0000000000000
0000000000000
0000000000000
0000000000000
0000000000000
0000000000000
0000000000000
0000001001110
0000000100011
0000000000000
0000000000000
0000000011100
0000000000000
0000000000000
0000000110001
0000010010010
0000010001001
0000000000000
0000000000000
0000000000000
0000000000000
0000000000000
0001010111001
0010100010101
0001001010011
0000000000000
0000000000000
0101010001101
0000000000000
0000000000000
0000000000000
0000000000000
0000000000001
0000000000000
0000000000000
0000000000000
0000000000000
0000000000000
0000000000000
0000000000000
0000000000000
0000000000000
0000000000000
0000000000000
0000000010001
0000000001000
0000000000000
0000000000000
0000000000000
0000000000000
0000000000000
0000001011101
0000010010001
0000010000010
0000000101011
0000000010100
0000000010011
0000000000000
0000001001101
0000000010100
0000000000000
0000000101011
0000001001111
0000000000000
0000000000000
0000000001001
0000000000000
0000000000000
0000000000000
0000000000000
0000000000000
0000000000000
0000000000000
0000100101100
0000010011110
0000000000000
0000011011101
0000000000000
0000000000000
0000110101000
0001101000111
0000000111100
0000001000010
0000000000000
0000000000000
0001011110011
0001110000111
0001100010011
0000110001000
0000000000000
0100001101100
0000000000000
0000000000000
0000000000000
0000000000000
0000000000000
0000000000000
0000000000000
0000000000000
0000000001010
0000000001100
0000000000000
0000000000000
0000000000001
0000000000000
0000000000000
0000000000000
0000000000000
0000000000101
0000000001101
0000000000000
0000000000000
0000000000000
0000000000000
0000000000000
0000000000000
0000010110011
0000011001111
0000010011111
0000011010010
0000010111100
0000010010111
0000001000010
0000001110011
0000000011101
0000000000000
0000000110011
0000010101100
0000010010110
0000010001111
0000000000000
0000000000000
0000000000000
0000000000000
0000000000000
0000000000000
0000000000000
0000000000000
0000001001001
0000100011111
0000100000100
0000100001010
0000111110110
0010000101010
0000000101000
0000000000000
0000010000001
0000000000000
0000000000000
0001111010010
0001011110000
0010101010000
0000010011110
0000000000000
0011111010101
0000000000000
0000000000000
0000000000000
0000000000000
0000000000000
0000000000000
0000000000000
0000000000100
0000000000101
0000000000000
0000000000000
0000000000000
0000000000000
0000000000000
0000000000111
0000000000000
0000000000000
0000000000000
0000000001100
0000000010011
0000000000000
0000000000000
0000000000000
0000000000000
0000000000000
0000000000000
0000000000000
0000000000000
0000000111010
0000010100011
0000010101101
0000010010001
0000001101110
0000010000110
0000001110100
0000001110010
0000000100001
0000000010011
0000001101110
0000010011111
0000000011000
0000000000000
0000000000000
0000000000000
0000000011111
0000000011111
0000000000000
0000000000000
0000000000000
0000011011010
0010111011000
0000000000000
0000000000000
0000101000101
0000100011101
0000000000000
0000000000000
0000000000000
0010001001001
0010100100011
0001000000100
0000000000000
0100010001111
0000000000000
0000000000000
0000000000000
0000000000000
0000000000000
0000000000000
0000000000000
0000000000000
0000000001010
0000000010001
0000000000000
0000000000000
0000000000000
0000000000000
0000000000000
0000000001000
0000000000100
0000000000000
0000000000000
0000000000000
0000000000000
0000000000000
0000000000000
0000000000000
0000000000000
0000000011110
0000000000000
0000000000000
0000000000000
0000000000000
0000000000000
0000000000000
0000000000000
0000001100100
0000100100110
0000010001010
0000000000000
0000000001110
0000010011110
0000011010001
0000011010000
0000010001111
0000011011101
0000010111111
0000011101010
0000100001011
0000001011100
0000000101011
0000110101111
0001100100101
0000000000000
0000000000000
0000100011100
0000001110100
0000000000111
0000011110111
0000000000000
0000000000000
0011000101001
0001110010110
0001010111001
0000000000000
0001000011011
0100000110111
0000000000000
0000000000000
0000000000000
0000000000000
0000000000000
0000000000000
0000000000000
0000000000100
0000000000000
0000000000000
0000000000000
0000000000000
0000000000000
0000000000000
0000000000000
0000000001110
0000000000000
0000000000000
0000000000000
0000000000000
0000000000000
0000000000000
0000000000000
0000000000000
0000000000000
0000000000000
0000010010111
0000001100110
0000001000110
0000000101101
0000000000000
0000000000000
0000000000000
0000000000000
0000000000000
0000011001111
0000011110111
0000010011111
0000000000000
0000000000000
0000010100001
0000100010101
0000100100110
0000101010010
0000010011000
0000000000000
0000011001001
0000000001111
0001011111111
0011011011110
0000000000000
0000000000000
0000011001010
0000000000000
0000000000000
0100110111111
0011010100111
0000000000000
0010000001111
0011001100010
0001010111101
0000000000000
0010111000000
0000000000000
0000000000000
0000000000000
0000000000000
0000000000000
0000000000000
0000000000000
0000000010111
0000000010011
0000000000000
0000000000000
0000000000000
0000000000000
0000000000000
0000000000000
0000000000110
0000000000000
0000000000000
0000000000000
0000000001111
0000000000001
0000000000000
0000000000000
0000000000000
0000000000000
0000000000000
0000000000000
0000000000000
0000001110101
0000000000111
0000000110000
0000010110001
0000011010100
0000001011111
0000000000000
0000000000000
0000000000000
0000000000000
0000000000000
0000000000000
0000000000000
0000000000000
0000000000000
0000000000000
0000000000000
0000000000000
0000000101111
0000000000000
0000110100011
0010111010100
0000000000000
0000000000000
0000100000001
0000010111011
0000000000000
0000111000110
0010100110011
0000000000000
0010010100000
0000000000000
0001000001010
0000000000000
0010010100111
0100101011000
0000000000000
0000000000000
0000000000000
0000000000001
0000000000000
0000000000000
0000000000000
0000000000000
0000000000000
0000000000000
0000000000000
0000000000000
0000000000110
0000000000000
0000000000000
0000000001001
0000000000000
0000000000000
0000000000101
0000000000000
0000000000000
0000000000000
0000000000000
0000000000000
0000000000000
0000000000000
0000000000000
0000000000000
0000000000000
0000000110101
0000001010111
0000001011100
0000000000000
0000000000000
0000000001001
0000100001000
0000001011011
0000000000111
0000001100000
0000000000000
0000000000000
0000000000000
0000000000000
0000000000000
0000000000000
0000000000000
0000000000000
0000000111000
0010110010001
0000000000000
0000000000000
0000001101000
0000111101101
0000000000000
0000000000000
0100100001000
0000000000000
0000000000000
0001000100001
0000000000000
0011101010001
0000000000000
0000000000000
0100111011100
0000000000000
0000000000000
0000000000000
0000000000000
0000000000000
0000000000000
0000000000000
0000000000000
0000000000000
0000000000000
0000000000000
0000000000000
0000000000000
0000000000000
0000000000010
0000000000000
0000000000000
0000000000000
0000000000000
0000000000000
0000000000000
0000000000000
0000000000000
0000000000000
0000000000000
0000000000000
0000000000000
0000000000000
0000000000000
0000000000000
0000000000000
0000000000000
0000000000000
0000000000000
0000000000000
0000000000000
0000000000001
0000000100011
0000000000000
0000000000000
0000010101110
0000010010101
0000000000000
0000000000000
0000001111100
0000001100011
0000000000000
0000100110111
0000000000000
0000000000000
0000000000000
0000100110110
0000011101010
0000000000000
0000000000000
0100111010001
0000000000000
0000000000000
0000000000000
0010011111101
0000000000000
0010101001110
0100011100001
0000000000000
0000000000000
0000000000000
0000000000110
0000000000000
0000000000000
0000000000000
0000000000000
0000000000000
0000000000000
0000000000000
0000000000000
0000000000000
0000000000000
0000000000000
0000000000000
0000000000000
0000000000000
0000000000000
0000000000000
0000000000000
0000000000000
0000000000000
0000000000000
0000000000000
0000000000000
0000000000000
