0000000010000
0000001000000
0000001000000
0000000010000
0000000010000
0000001000000
0000000000000
0000001010000
0000010010000
0000000000000
0010100100000
0001111000000
0000101100000
0010010110000
0001001110000
0010101110000
0000110100000
0000011000000
0000000100000
0000000000000
0000000000000
0000000100000
0000000100000
0000000000000
0000000010000
0000000000000
0000000000000
0000000000000
0000000000000
0000010010000
0000000110000
0000000010000
0000000000000
0000001010000
0000001000000
0000000000000
0000000100000
0000000000000
0000000000000
0000000000000
0001001100000
0000101100000
0000101100000
0001111000000
0001001010000
0010000110000
0010000100000
0000011000000
0010010110000
0000010010000
0001110000000
0000000000000
0000000000000
0000001010000
0000000110000
0000000100000
0000000000000
0000000010000
0000001010000
0000000000000
0000000000000
0000000000000
0000000010000
0000000110000
0000000000000
0000001000000
0000001000000
0000000010000
0000010100000
0000001000000
0100101110000
0010010010000
0010100010000
0000101000000
0000101100000
0000010110000
0000100110000
0000011000000
0000011110000
0000100010000
0000100010000
0000110110000
0001011110000
0000000000000
0000000000000
0000000010000
0000000010000
0000000110000
0000000110000
0000000010000
0000001110000
0000000100000
0000000010000
0000000000000
0000000100000
0000000010000
0000011000000
0000000000000
0000000110000
0000000010000
0000000100000
0000000000000
0010110010000
0000011000000
0000000000000
0000000010000
0000000010000
0000000100000
0000000000000
0000000100000
0000000100000
0000000000000
0000000010000
0000000110000
0000111010000
0001011010000
0000000000000
0000000010000
0000000000000
0000000000000
0000000000000
0000000000000
0001111100000
0011011010000
0010111010000
0000001000000
0000001000000
0000000110000
0000000000000
0000000000000
0000111010000
0000000000000
0100011000000
0011100010000
0000011000000
0000001000000
0000000010000
0000000000000
0000000100000
0000000010000
0000000010000
0000000110000
0000000100000
0000000000000
0000000010000
0000000000000
0000001100000
0001001110000
0001001100000
0000000000000
0000000000000
0000000000000
0000000000000
0010010110000
0011110110000
0000000000000
0000010010000
0000000000000
0000010000000
0000001000000
0000001000000
0000000000000
0000000000000
0000000000000
0011110010000
0001101100000
0000000010000
0000000100000
0000000010000
0000000000000
0000000010000
0000000000000
0000000100000
0000000010000
0000000000000
0000000010000
0000000000000
0000000000000
0000000100000
0000011110000
0000101100000
0001001010000
0000000000000
0000000000000
0000000000000
0011100110000
0010001110000
0000000000000
0000000000000
0000000000000
0000000100000
0000000010000
0000001010000
0100010110000
0011011100000
0010101110000
0001010100000
0001001100000
0000000100000
0000000010000
0000000000000
0000000010000
0000000100000
0000000010000
0000000000000
0000000010000
0000000010000
0000000000000
0000000000000
0000000000000
0000000010000
0000001000000
0000001110000
0001001010000
0000100010000
0000001100000
0000000000000
0010101110000
0011110010000
0000000000000
0000000000000
0000000100000
0000000000000
0000000010000
0000000000000
0000001010000
0100011000000
0010010110000
0001000000000
0000001000000
0000000010000
0000000010000
0000000100000
0000000100000
0000001110000
0000011110000
0000011010000
0000001110000
0000000000000
0000000000000
0000000000000
0000000000000
0000000110000
0000000010000
0000000000000
0000011010000
0001011100000
0000101110000
0000010000000
0000000000000
0011110010000
0011000100000
0000011110000
0000000110000
0000000000000
0000000100000
0000000000000
0000000000000
0000000000000
0010110110000
0010001110000
0000000010000
0000000010000
0000000110000
0000000110000
0000001100000
0001100000000
0000110110000
0001000100000
0000111100000
0000011000000
0000000100000
0000000100000
0000001010000
0000100010000
0000101100000
0000010000000
0000110100000
0000100110000
0000101100000
0000000000000
0000000000000
0000000000000
0000000000000
0000000000000
0000001000000
0000001010000
0000000010000
0000000000000
0000001010000
0011101100000
0011011010000
0001011110000
0000000000000
0000000110000
0000000100000
0000000110000
0000110010000
0001000000000
0001110010000
0011000010000
0000010100000
0000100000000
0000011110000
0000010110000
0000000110000
0010010100000
0010111100000
0001010110000
0000011000000
0001100000000
0000000010000
0000000000000
0000000000000
0000000000000
0000000000000
0000000000000
0000000000000
0000000000000
0000000100000
0000001100000
0000101110000
0000000000000
0011010000000
0000001000000
0000000100000
0000000010000
0000010010000
0001000000000
0001100110000
0000111110000
0010110100000
0011000100000
0001110000000
0010000100000
0000010110000
0001110000000
0011000010000
0010001000000
0000000000000
0011110100000
0000111100000
0000011010000
0000111110000
0000000000000
0000000010000
0000000010000
0000000010000
0000000010000
0000000100000
0000001000000
0000000100000
0000000000000
0000000000000
0100000010000
0010010010000
0000001100000
0000000000000
0000001000000
0001000000000
0001010110000
0001000000000
0011011100000
0001110010000
0010100110000
0010001100000
0011001000000
0000110010000
0000000000000
0011001100000
0000001110000
0000010010000
0000000000000
0001010000000
0001010010000
0010100000000
0000000000000
0000000010000
0000000000000
0000000000000
0000000000000
0000000000000
0000001000000
0000000100000
0000011110000
0000011000000
0011110000000
0001010000000
0001111110000
0000001000000
0000100010000
0001000110000
0010110110000
0010101000000
0010000000000
0011000110000
0011011010000
0010001010000
0001111000000
0000011110000
0010011110000
0011000010000
0010010100000
0000110010000
0000000000000
0001100100000
0001000000000
0000000000000
0000101000000
0000000000000
0000000010000
0000000000000
0000000000000
0000000010000
0000000000000
0000000000000
0000010000000
0000000110000
0000000000000
0011000000000
0001001100000
0000100110000
0010001100000
0000000000000
0010001100000
0010001100000
0000110010000
0011001010000
0010100000000
0000010110000
0000011000000
0000110000000
0000101010000
0000101000000
0010010010000
0001111100000
0010111110000
0000000000000
0001010000000
0010000000000
0000000100000
0000000000000
0000000000000
0000000000000
0000000100000
0000000000000
0000000000000
0000000000000
0000001010000
0000000110000
0000011000000
0001011100000
0001001110000
0011100100000
0000000100000
0001100010000
0010001000000
0001110000000
0000111010000
0000111010000
0000010010000
0000000000000
0000000010000
0000000100000
0000000000000
0000000000000
0000010110000
0001010000000
0001101010000
0010000000000
0010101100000
0001111010000
0000000000000
0000000000000
0000000000000
0000000000000
0000000010000
0000000010000
0000000100000
0000000000000
0000001100000
0000001010000
0000000110000
0000011010000
0100000000000
0011110000000
0001111000000
0001001010000
0010101110000
0001111000000
0000000000000
0000000000000
0000000010000
0000000000000
0000000010000
0000000010000
0000000000000
0000000000000
0000000110000
0001010100000
0000010100000
0001110110000
0000111100000
0010001000000
0000001000000
0000001110000
0000000000000
0000001000000
0000010100000
0000010000000
0000000010000
0000001010000
0000000000000
0000001010000
0000000110000
0000000110000
0100101000000
0000000000000
0001101010000
0001100110000
0010110110000
0001010110000
0000100000000
0000010010000
0000000000000
0000000000000
0000000100000
0000000010000
0000000000000
0000000010000
0000000010000
0000110000000
0000101110000
0000110100000
0010001000000
0000000000000
0000000000000
0000001010000
0000000010000
0000000000000
0000011000000
0000011000000
0000010010000
0000001010000
0000000000000
0000011000000
0000010010000
0000010110000
0000000000000
0011101100000
0001010100000
0000000000000
0011100010000
0000111000000
0001100010000
0001000100000
0000000000000
0000011000000
0000101010000
0000011000000
0000000000000
0000000000000
0000010100000
0000111010000
0001000110000
0000110110000
0010010010000
0011111100000
0000000000000
0000000110000
0000000000000
0000000000000
0000000110000
0000000110000
0000001000000
0000000110000
0000000100000
0000001000000
0000000000000
0000010110000
0000010000000
0000111000000
0000000110000
0010000100000
0010101100000
0010100010000
0000111100000
0000011110000
0000001110000
0001010100000
0000000000000
0001011100000
0000000010000
0000010000000
0001100100000
0000111010000
0010011010000
0011000110000
0001110100000
0011110100000
0011111010000
0011100000000
0001010000000
0000010010000
0000000000000
0000000000000
0000000010000
0000010110000
0000000000000
0000000110000
0000001000000
0000000000000
0000000000000
0000000000000
0000001000000
0000000100000
0000000000000
0011010010000
0010111100000
0000000000000
0001100000000
0000100110000
0000101010000
0000010100000
0000001110000
0001100110000
0000111010000
0001111000000
0010101110000
0000000000000
0000000000000
0000000000000
0010100100000
0001110000000
0000000000000
0011101010000
0000000000000
0000100100000
0000000000000
0000000000000
0000000000000
0000000010000
0000000010000
0000000100000
0000001000000
0000000100000
0000000000000
0000000000000
0000000000000
0000001100000
0001101010000
0010100100000
0000000110000
0000000000000
0000000000000
0000010100000
0001110010000
0001011110000
0010110000000
0001011010000
0100010010000
0000000000000
0000000000000
0101111000000
0010011010000
0000000000000
0000000000000
0100010000000
0011000110000
0010111100000
0000111000000
0001011010000
0000000010000
0000000000000
0000000000000
0000000000000
0000000100000
0000001000000
0000010010000
0000101010000
0000011000000
0000000000000
0000011000000
0010010100000
0000001010000
0000000000000
0000010000000
0001110010000
0001110000000
0000000000000
0001110000000
0001000000000
0010010010000
0010000010000
0100001110000
0011001000000
0000000000000
0000000010000
0000000000000
0001110000000
0001101100000
0000100000000
0000101100000
0000100100000
0000000000000
0000000000000
0000000000000
0000000000000
0000000000000
0000000000000
0000000000000
0000000000000
0000001110000
0000011100000
0000001100000
0001001110000
0000111100000
0000001110000
0001001000000
0001001000000
0000000000000
0010001010000
0001011000000
0000010010000
0001000110000
0010110000000
0011100100000
0000000000000
0000000000000
0000000010000
0000000000000
0010110000000
0000000000000
0000000000000
0000000000000
0000000000000
0000000000000
0000001010000
0000000000000
0000000000000
0000000000000
0000000000000
0000000000000
0000001100000
0000000010000
0000011100000
0000011100000
0000010010000
0001010100000
0001100100000
0000001110000
0010100000000
0001110000000
0001010000000
0000100000000
0001011100000
0000111010000
0001101000000
0000000000000
0000000000000
0000000010000
0000000000000
0010101000000
0000000000000
0000000000000
0000000010000
0000000010000
0000000000000
0000100010000
0000010110000
0000001010000
0000001010000
0000001010000
0000000000000
0000000000000
0000000000000
0000000000000
0000010100000
0000000100000
0000000000000
0000000100000
0000001010000
0000001100000
0010011100000
0010100110000
0001000000000
0000011100000
0000000000000
0010111110000
0100001010000
0000000000000
0000000010000
0000000010000
0000000100000
0000000000000
0000000000000
0000000010000
0000000100000
0000000000000
0000000000000
0000010010000
0000100110000
0000110000000
0000001110000
0000000110000
0000000000000
0000001010000
0000000000000
0000000000000
0000000000000
0000000000000
0000000000000
0000000000000
0000001100000
0000000000000
0000110110000
0000010100000
0001001110000
0001000100000
0000000000000
0100000000000
0000000000000
0000000010000
0000000010000
0000000010000
0000000010000
0000000010000
0000000100000
0000000100000
0000000000000
0000000010000
0000000010000
0000000010000
0000001000000
0000000000000
0000101100000
0000001100000
0000011000000
0000000100000
0000011000000
0000001000000
0000011110000
0000100000000
0000000000000
0000000000000
0000000000000
0000000010000
0001011000000
0001100110000
0010011100000
0001100010000
0000101110000
0100100010000
0000000000000
0000000000000
0000000100000
0000000000000
0000000100000
0000000000000
0000000010000
0000000010000
0000000000000
0000000100000
0000000000000
0000000010000
0000001100000
0000010100000
0000001100000
0000001110000
0000000000000
0000000000000
0000000000000
0000000000000
0000001000000
0000011000000
0000011010000
0000000100000
0000001000000
0000011110000
0000000000000
0010001000000
0001011100000
0010100100000
0000000000000
0101010010000
0000000000000
0000000010000
0000000000000
0000000000000
0000000000000
0000000000000
0000000010000
0000000100000
0000000010000
0000000000000
0000000010000
0000011000000
0000011010000
0000011100000
0000010100000
0000010000000
0000001010000
0000010110000
0000010010000
0000000000000
0000000000000
0000000000000
0000100110000
0000100100000
0001000000000
0010000110000
0000010010000
0000000000000
0001111100000
0010101010000
0100001110000
0000000000000
0000000000000
0000000000000
0000000010000
0000000010000
0000000000000
0000000010000
0000000010000
0000000010000
0000000100000
0000000000000
0000000000000
0000000100000
0000000000000
0000010110000
0000010110000
0000100110000
0000010010000
0000010100000
0000011100000
0000011100000
0000011110000
0000100010000
0000110110000
0001100110000
0010111100000
0000101010000
0000100100000
0011000110000
0010100110000
0001000100000
0100010010000
0000000000000
0000000000000
0000000000000
0000000010000
0000000100000
0000000000000
0000000000000
0000000010000
0000000000000
0000000000000
0000000000000
0000000000000
0000010100000
0000010000000
0000011000000
0000011100000
0000000000000
0000100000000
0000010100000
0000010110000
0000100110000
0000101100000
0000011010000
0010111100000
0011011100000
0000100010000
0000111010000
0100111000000
0010010100000
0011001110000
0100101100000
0000000000000
0000000010000
0000000000000
0000000100000
0000000100000
0000000000000
0000000010000
0000000010000
0000000000000
0000000010000
0000000010000
0000000000000
0000000000000
0000000000000
0000001000000
0000001100000
0000000000000
0000100010000
0000001100000
0000001100000
0000010110000
0000000000000
0000010000000
0000101000000
0010110100000
0000101000000
0000111110000
0100111100000
0000000000000
0010100000000
0011101100000
0100111100000
0000000000000
0000000010000
0000000000000
0000000000000
0000000000000
0000000000000
0000000000000
0000000010000
0000000000000
0000000000000
0000000000000
0000000000000
0000000000000
